#test_1,test_2,test_3,total
81.00 44.00 43.00 52.75
70.00 69.00 75.00 72.25
82.00 79.00 5.00 42.75
69.00 50.00 81.00 70.25
49.00 86.00 45.00 56.25
97.00 47.00 45.00 58.50
41.00 20.00 88.00 59.25
66.00 78.00 26.00 49.00
40.00 51.00 38.00 41.75
5.00 9.00 21.00 14.00
60.00 32.00 31.00 38.50
90.00 56.00 73.00 73.00
66.00 3.00 57.00 45.75
71.00 74.00 98.00 85.25
39.00 71.00 37.00 46.00
31.00 5.00 28.00 23.00
38.00 18.00 67.00 47.50
87.00 35.00 35.00 48.00
14.00 40.00 81.00 54.00
78.00 76.00 80.00 78.50
89.00 84.00 74.00 80.25
58.00 9.00 52.00 42.75
35.00 92.00 88.00 75.75
54.00 54.00 27.00 40.50
3.00 5.00 26.00 15.00
87.00 91.00 49.00 69.00
26.00 44.00 9.00 22.00
43.00 66.00 90.00 72.25
98.00 90.00 95.00 94.50
13.00 96.00 90.00 72.25
95.00 39.00 99.00 83.00
83.00 6.00 25.00 34.75
99.00 43.00 21.00 46.00
96.00 44.00 15.00 42.50
36.00 4.00 100.00 60.00
66.00 5.00 91.00 63.25
59.00 10.00 87.00 60.75
36.00 87.00 34.00 47.75
97.00 38.00 91.00 79.25
56.00 80.00 52.00 60.00
8.00 55.00 19.00 25.25
30.00 72.00 65.00 58.00
43.00 72.00 19.00 38.25
91.00 94.00 58.00 75.25
28.00 2.00 24.00 19.50
79.00 93.00 89.00 87.50
73.00 45.00 56.00 57.50
3.00 73.00 33.00 35.50
69.00 75.00 60.00 66.00
66.00 91.00 3.00 40.75
59.00 54.00 76.00 66.25
83.00 8.00 6.00 25.75
89.00 2.00 30.00 37.75
31.00 90.00 72.00 66.25
86.00 45.00 63.00 64.25
30.00 10.00 10.00 15.00
23.00 24.00 41.00 32.25
61.00 57.00 8.00 33.50
81.00 50.00 25.00 45.25
85.00 44.00 8.00 36.25
60.00 74.00 73.00 70.00
55.00 60.00 78.00 67.75
5.00 25.00 48.00 31.50
88.00 59.00 94.00 83.75
46.00 80.00 63.00 63.00
61.00 49.00 24.00 39.50
79.00 72.00 43.00 59.25
71.00 71.00 54.00 62.50
10.00 91.00 44.00 47.25
10.00 68.00 10.00 24.50
33.00 40.00 80.00 58.25
1.00 32.00 20.00 18.25
17.00 50.00 50.00 41.75
52.00 94.00 13.00 43.00
4.00 94.00 87.00 68.00
22.00 38.00 5.00 17.50
8.00 75.00 27.00 34.25
28.00 52.00 32.00 36.00
20.00 25.00 7.00 14.75
63.00 98.00 19.00 49.75
35.00 36.00 14.00 24.75
26.00 28.00 97.00 62.00
27.00 99.00 91.00 77.00
95.00 60.00 1.00 39.25
27.00 22.00 63.00 43.75
44.00 97.00 43.00 56.75
93.00 35.00 59.00 61.50
30.00 14.00 29.00 25.50
60.00 81.00 7.00 38.75
95.00 36.00 96.00 80.75
59.00 19.00 81.00 60.00
80.00 82.00 62.00 71.50
40.00 45.00 95.00 68.75
12.00 43.00 81.00 54.25
5.00 37.00 3.00 12.00
57.00 80.00 85.00 76.75
89.00 34.00 88.00 74.75
46.00 15.00 39.00 34.75
67.00 17.00 15.00 28.50
64.00 34.00 94.00 71.50
15.00 47.00 65.00 48.00
17.00 18.00 79.00 48.25
54.00 96.00 68.00 71.50
87.00 92.00 3.00 46.25
41.00 49.00 83.00 64.00
3.00 13.00 96.00 52.00
79.00 13.00 42.00 44.00
57.00 17.00 10.00 23.50
70.00 59.00 35.00 49.75
41.00 52.00 54.00 50.25
73.00 93.00 29.00 56.00
41.00 100.00 5.00 37.75
49.00 57.00 20.00 36.50
68.00 81.00 98.00 86.25
19.00 68.00 3.00 23.25
79.00 53.00 67.00 66.50
13.00 91.00 62.00 57.00
49.00 55.00 68.00 60.00
25.00 13.00 44.00 31.50
95.00 71.00 63.00 73.00
5.00 44.00 73.00 48.75
38.00 43.00 58.00 49.25
71.00 23.00 9.00 28.00
78.00 56.00 19.00 43.00
99.00 33.00 17.00 41.50
64.00 53.00 6.00 32.25
62.00 79.00 45.00 57.75
61.00 65.00 64.00 63.50
50.00 61.00 78.00 66.75
96.00 31.00 14.00 38.75
51.00 26.00 37.00 37.75
38.00 89.00 87.00 75.25
30.00 80.00 63.00 59.00
79.00 100.00 20.00 54.75
9.00 26.00 79.00 48.25
24.00 99.00 20.00 40.75
16.00 18.00 92.00 54.50
87.00 26.00 24.00 40.25
23.00 1.00 6.00 9.00
54.00 69.00 74.00 67.75
96.00 52.00 56.00 65.00
25.00 90.00 10.00 33.75
49.00 11.00 92.00 61.00
29.00 19.00 20.00 22.00
30.00 87.00 38.00 48.25
9.00 60.00 97.00 65.75
16.00 11.00 72.00 42.75
4.00 5.00 75.00 39.75
56.00 64.00 36.00 48.00
70.00 65.00 79.00 73.25
33.00 3.00 5.00 11.50
88.00 54.00 97.00 84.00
51.00 70.00 36.00 48.25
4.00 30.00 63.00 40.00
4.00 39.00 97.00 59.25
75.00 92.00 63.00 73.25
23.00 100.00 36.00 48.75
46.00 22.00 89.00 61.50
8.00 98.00 74.00 63.50
51.00 78.00 18.00 41.25
85.00 58.00 65.00 68.25
55.00 73.00 26.00 45.00
83.00 32.00 6.00 31.75
7.00 79.00 42.00 42.50
14.00 59.00 12.00 24.25
21.00 28.00 84.00 54.25
41.00 41.00 20.00 30.50
17.00 66.00 32.00 36.75
41.00 96.00 90.00 79.25
75.00 60.00 91.00 79.25
61.00 68.00 15.00 39.75
49.00 52.00 51.00 50.75
87.00 64.00 75.00 75.25
6.00 74.00 30.00 35.00
77.00 67.00 25.00 48.50
1.00 70.00 64.00 49.75
74.00 92.00 26.00 54.50
45.00 74.00 76.00 67.75
51.00 77.00 53.00 58.50
94.00 72.00 55.00 69.00
27.00 59.00 5.00 24.00
25.00 99.00 24.00 43.00
78.00 50.00 59.00 61.50
39.00 100.00 12.00 40.75
78.00 100.00 84.00 86.50
85.00 29.00 34.00 45.50
82.00 70.00 44.00 60.00
51.00 18.00 50.00 42.25
24.00 79.00 23.00 37.25
29.00 70.00 9.00 29.25
39.00 31.00 53.00 44.00
8.00 30.00 28.00 23.50
5.00 25.00 21.00 18.00
85.00 61.00 14.00 43.50
38.00 61.00 78.00 63.75
52.00 59.00 17.00 36.25
60.00 52.00 16.00 36.00
90.00 56.00 93.00 83.00
97.00 41.00 73.00 71.00
13.00 37.00 5.00 15.00
52.00 4.00 95.00 61.50
70.00 56.00 45.00 54.00
99.00 34.00 30.00 48.25
22.00 80.00 6.00 28.50
94.00 47.00 77.00 73.75
25.00 49.00 36.00 36.50
72.00 88.00 70.00 75.00
26.00 7.00 51.00 33.75
56.00 13.00 48.00 41.25
43.00 92.00 12.00 39.75
17.00 81.00 58.00 53.50
71.00 65.00 50.00 59.00
25.00 26.00 36.00 30.75
68.00 68.00 17.00 42.50
36.00 98.00 35.00 51.00
26.00 75.00 23.00 36.75
96.00 50.00 67.00 70.00
65.00 84.00 93.00 83.75
29.00 79.00 81.00 67.50
9.00 67.00 34.00 36.00
66.00 22.00 19.00 31.50
66.00 21.00 50.00 46.75
12.00 19.00 84.00 49.75
35.00 28.00 22.00 26.75
54.00 89.00 58.00 64.75
8.00 45.00 3.00 14.75
100.00 59.00 10.00 44.75
39.00 54.00 28.00 37.25
64.00 11.00 57.00 47.25
1.00 38.00 74.00 46.75
38.00 53.00 91.00 68.25
23.00 50.00 19.00 27.75
91.00 16.00 50.00 51.75
74.00 27.00 29.00 39.75
73.00 73.00 41.00 57.00
94.00 34.00 83.00 73.50
42.00 82.00 65.00 63.50
41.00 24.00 30.00 31.25
26.00 61.00 31.00 37.25
50.00 80.00 10.00 37.50
30.00 96.00 77.00 70.00
27.00 63.00 27.00 36.00
30.00 67.00 34.00 41.25
80.00 85.00 2.00 42.25
49.00 44.00 59.00 52.75
6.00 89.00 95.00 71.25
85.00 50.00 21.00 44.25
1.00 39.00 45.00 32.50
34.00 8.00 33.00 27.00
11.00 34.00 22.00 22.25
98.00 17.00 71.00 64.25
20.00 23.00 28.00 24.75
57.00 89.00 66.00 69.50
43.00 2.00 64.00 43.25
27.00 73.00 79.00 64.50
90.00 82.00 72.00 79.00
53.00 54.00 68.00 60.75
35.00 64.00 39.00 44.25
100.00 13.00 96.00 76.25
16.00 92.00 86.00 70.00
43.00 79.00 20.00 40.50
17.00 24.00 62.00 41.25
67.00 97.00 73.00 77.50
35.00 100.00 31.00 49.25
66.00 52.00 7.00 33.00
57.00 79.00 50.00 59.00
74.00 78.00 67.00 71.50
85.00 91.00 22.00 55.00
52.00 95.00 93.00 83.25
29.00 6.00 90.00 53.75
66.00 59.00 23.00 42.75
58.00 15.00 21.00 28.75
63.00 74.00 62.00 65.25
16.00 1.00 53.00 30.75
49.00 31.00 50.00 45.00
66.00 91.00 55.00 66.75
17.00 29.00 14.00 18.50
44.00 30.00 69.00 53.00
25.00 24.00 25.00 24.75
62.00 3.00 100.00 66.25
45.00 86.00 28.00 46.75
8.00 31.00 10.00 14.75
74.00 18.00 11.00 28.50
70.00 2.00 93.00 64.50
81.00 54.00 75.00 71.25
40.00 65.00 62.00 57.25
53.00 45.00 8.00 28.50
38.00 38.00 17.00 27.50
26.00 88.00 12.00 34.50
51.00 91.00 17.00 44.00
59.00 4.00 80.00 55.75
96.00 12.00 33.00 43.50
58.00 100.00 25.00 52.00
62.00 95.00 28.00 53.25
94.00 36.00 3.00 34.00
31.00 10.00 37.00 28.75
40.00 57.00 79.00 63.75
16.00 22.00 53.00 36.00
8.00 95.00 79.00 65.25
2.00 66.00 30.00 32.00
67.00 6.00 28.00 32.25
14.00 95.00 56.00 55.25
17.00 85.00 76.00 63.50
91.00 43.00 52.00 59.50
66.00 36.00 86.00 68.50
22.00 60.00 25.00 33.00
57.00 92.00 6.00 40.25
80.00 57.00 28.00 48.25
91.00 62.00 18.00 47.25
27.00 26.00 44.00 35.25
16.00 9.00 53.00 32.75
6.00 94.00 96.00 73.00
16.00 18.00 23.00 20.00
89.00 33.00 93.00 77.00
15.00 13.00 27.00 20.50
42.00 78.00 72.00 66.00
23.00 96.00 5.00 32.25
44.00 69.00 38.00 47.25
65.00 98.00 64.00 72.75
51.00 70.00 95.00 77.75
37.00 43.00 22.00 31.00
41.00 2.00 77.00 49.25
83.00 57.00 69.00 69.50
46.00 12.00 52.00 40.50
6.00 18.00 75.00 43.50
5.00 74.00 13.00 26.25
54.00 4.00 22.00 25.50
75.00 35.00 61.00 58.00
23.00 55.00 28.00 33.50
26.00 97.00 41.00 51.25
40.00 35.00 42.00 39.75
19.00 65.00 55.00 48.50
88.00 42.00 89.00 77.00
64.00 54.00 50.00 54.50
1.00 71.00 3.00 19.50
8.00 2.00 65.00 35.00
10.00 21.00 1.00 8.25
88.00 27.00 31.00 44.25
33.00 22.00 73.00 50.25
50.00 14.00 97.00 64.50
73.00 100.00 42.00 64.25
96.00 94.00 87.00 91.00
59.00 90.00 100.00 87.25
28.00 81.00 18.00 36.25
34.00 61.00 91.00 69.25
75.00 8.00 45.00 43.25
18.00 68.00 27.00 35.00
8.00 55.00 64.00 47.75
97.00 52.00 44.00 59.25
52.00 77.00 23.00 43.75
91.00 18.00 2.00 28.25
34.00 97.00 85.00 75.25
55.00 99.00 16.00 46.50
39.00 98.00 62.00 65.25
38.00 91.00 60.00 62.25
3.00 74.00 45.00 41.75
81.00 1.00 23.00 32.00
80.00 37.00 66.00 62.25
63.00 13.00 95.00 66.50
71.00 34.00 64.00 58.25
68.00 23.00 78.00 61.75
81.00 44.00 97.00 79.75
30.00 45.00 93.00 65.25
20.00 6.00 23.00 18.00
36.00 53.00 54.00 49.25
33.00 87.00 33.00 46.50
84.00 81.00 73.00 77.75
31.00 10.00 2.00 11.25
59.00 70.00 5.00 34.75
78.00 21.00 5.00 27.25
91.00 89.00 5.00 47.50
45.00 13.00 65.00 47.00
8.00 46.00 91.00 59.00
31.00 25.00 9.00 18.50
12.00 99.00 69.00 62.25
89.00 9.00 6.00 27.50
96.00 70.00 89.00 86.00
95.00 60.00 42.00 59.75
52.00 67.00 81.00 70.25
46.00 67.00 34.00 45.25
2.00 46.00 68.00 46.00
18.00 34.00 93.00 59.50
91.00 60.00 67.00 71.25
40.00 61.00 51.00 50.75
24.00 11.00 63.00 40.25
15.00 36.00 72.00 48.75
63.00 8.00 66.00 50.75
54.00 97.00 87.00 81.25
16.00 40.00 68.00 48.00
95.00 63.00 55.00 67.00
35.00 30.00 74.00 53.25
31.00 73.00 89.00 70.50
54.00 62.00 67.00 62.50
19.00 77.00 68.00 58.00
93.00 40.00 47.00 56.75
14.00 9.00 80.00 45.75
16.00 26.00 2.00 11.50
85.00 96.00 52.00 71.25
24.00 58.00 23.00 32.00
24.00 90.00 17.00 37.00
16.00 9.00 31.00 21.75
45.00 45.00 28.00 36.50
77.00 47.00 98.00 80.00
56.00 28.00 10.00 26.00
82.00 17.00 16.00 32.75
24.00 66.00 4.00 24.50
96.00 20.00 45.00 51.50
87.00 61.00 91.00 82.50
85.00 49.00 36.00 51.50
18.00 38.00 20.00 24.00
45.00 85.00 16.00 40.50
33.00 74.00 15.00 34.25
86.00 60.00 86.00 79.50
22.00 57.00 51.00 45.25
81.00 17.00 24.00 36.50
29.00 28.00 41.00 34.75
82.00 56.00 14.00 41.50
29.00 97.00 23.00 43.00
42.00 60.00 55.00 53.00
23.00 33.00 71.00 49.50
62.00 66.00 18.00 41.00
64.00 12.00 14.00 26.00
54.00 57.00 74.00 64.75
97.00 41.00 36.00 52.50
73.00 79.00 53.00 64.50
52.00 29.00 54.00 47.25
79.00 55.00 24.00 45.50
60.00 27.00 75.00 59.25
15.00 90.00 18.00 35.25
97.00 91.00 79.00 86.50
52.00 33.00 99.00 70.75
93.00 48.00 41.00 55.75
43.00 50.00 11.00 28.75
3.00 46.00 63.00 43.75
59.00 60.00 41.00 50.25
1.00 100.00 8.00 29.25
48.00 52.00 98.00 74.00
60.00 77.00 58.00 63.25
72.00 3.00 99.00 68.25
99.00 53.00 70.00 73.00
12.00 66.00 51.00 45.00
46.00 5.00 28.00 26.75
20.00 33.00 30.00 28.25
88.00 4.00 60.00 53.00
72.00 57.00 68.00 66.25
13.00 49.00 78.00 54.50
74.00 85.00 25.00 52.25
7.00 7.00 47.00 27.00
98.00 28.00 33.00 48.00
39.00 14.00 72.00 49.25
49.00 3.00 48.00 37.00
39.00 61.00 67.00 58.50
16.00 63.00 50.00 44.75
42.00 51.00 53.00 49.75
47.00 22.00 93.00 63.75
39.00 72.00 85.00 70.25
64.00 12.00 99.00 68.50
93.00 13.00 35.00 44.00
10.00 23.00 83.00 49.75
37.00 29.00 93.00 63.00
35.00 56.00 26.00 35.75
15.00 67.00 59.00 50.00
76.00 98.00 27.00 57.00
17.00 28.00 68.00 45.25
53.00 37.00 48.00 46.50
5.00 11.00 14.00 11.00
12.00 36.00 98.00 61.00
90.00 10.00 15.00 32.50
61.00 94.00 4.00 40.75
80.00 35.00 62.00 59.75
94.00 38.00 7.00 36.50
67.00 95.00 45.00 63.00
3.00 21.00 97.00 54.50
36.00 8.00 55.00 38.50
57.00 40.00 68.00 58.25
53.00 92.00 54.00 63.25
10.00 49.00 2.00 15.75
91.00 80.00 31.00 58.25
54.00 96.00 36.00 55.50
14.00 21.00 6.00 11.75
77.00 46.00 95.00 78.25
95.00 38.00 40.00 53.25
48.00 92.00 52.00 61.00
56.00 76.00 66.00 66.00
78.00 7.00 17.00 29.75
93.00 13.00 1.00 27.00
7.00 18.00 82.00 47.25
16.00 33.00 31.00 27.75
32.00 43.00 50.00 43.75
92.00 13.00 14.00 33.25
42.00 51.00 73.00 59.75
11.00 84.00 58.00 52.75
90.00 74.00 40.00 61.00
83.00 20.00 21.00 36.25
75.00 75.00 12.00 43.50
87.00 96.00 2.00 46.75
28.00 24.00 97.00 61.50
22.00 91.00 26.00 41.25
60.00 77.00 39.00 53.75
71.00 43.00 92.00 74.50
61.00 76.00 67.00 67.75
23.00 89.00 46.00 51.00
4.00 11.00 29.00 18.25
48.00 97.00 93.00 82.75
17.00 74.00 21.00 33.25
48.00 71.00 100.00 79.75
19.00 60.00 37.00 38.25
81.00 33.00 98.00 77.50
38.00 74.00 12.00 34.00
34.00 14.00 64.00 44.00
20.00 98.00 24.00 41.50
81.00 80.00 22.00 51.25
26.00 53.00 70.00 54.75
41.00 61.00 10.00 30.50
39.00 54.00 26.00 36.25
85.00 81.00 59.00 71.00
18.00 73.00 49.00 47.25
26.00 17.00 45.00 33.25
37.00 6.00 42.00 31.75
59.00 55.00 85.00 71.00
48.00 44.00 18.00 32.00
67.00 41.00 25.00 39.50
26.00 100.00 61.00 62.00
40.00 44.00 46.00 44.00
88.00 59.00 63.00 68.25
62.00 48.00 85.00 70.00
100.00 42.00 35.00 53.00
66.00 98.00 31.00 56.50
69.00 42.00 49.00 52.25
13.00 84.00 55.00 51.75
84.00 81.00 45.00 63.75
53.00 93.00 35.00 54.00
74.00 66.00 48.00 59.00
88.00 34.00 49.00 55.00
48.00 32.00 62.00 51.00
65.00 79.00 79.00 75.50
64.00 39.00 26.00 38.75
88.00 83.00 13.00 49.25
1.00 58.00 80.00 54.75
96.00 95.00 81.00 88.25
49.00 96.00 76.00 74.25
64.00 59.00 73.00 67.25
48.00 85.00 48.00 57.25
93.00 71.00 50.00 66.00
54.00 87.00 72.00 71.25
89.00 51.00 83.00 76.50
60.00 28.00 11.00 27.50
80.00 90.00 56.00 70.50
68.00 55.00 68.00 64.75
42.00 58.00 86.00 68.00
28.00 44.00 55.00 45.50
10.00 75.00 5.00 23.75
53.00 56.00 75.00 64.75
2.00 81.00 48.00 44.75
88.00 32.00 42.00 51.00
98.00 96.00 2.00 49.50
40.00 61.00 24.00 37.25
16.00 34.00 73.00 49.00
66.00 30.00 76.00 62.00
18.00 92.00 13.00 34.00
40.00 43.00 92.00 66.75
79.00 82.00 56.00 68.25
93.00 30.00 32.00 46.75
44.00 55.00 49.00 49.25
96.00 56.00 85.00 80.50
39.00 71.00 38.00 46.50
49.00 28.00 58.00 48.25
93.00 65.00 2.00 40.50
81.00 69.00 36.00 55.50
90.00 3.00 88.00 67.25
88.00 73.00 86.00 83.25
7.00 97.00 47.00 49.50
98.00 94.00 73.00 84.50
20.00 100.00 81.00 70.50
52.00 34.00 97.00 70.00
44.00 12.00 55.00 41.50
55.00 3.00 97.00 63.00
61.00 50.00 100.00 77.75
3.00 55.00 22.00 25.50
31.00 87.00 9.00 34.00
84.00 56.00 6.00 38.00
34.00 11.00 62.00 42.25
9.00 100.00 65.00 59.75
7.00 18.00 22.00 17.25
78.00 35.00 41.00 48.75
73.00 41.00 90.00 73.50
8.00 57.00 46.00 39.25
51.00 62.00 65.00 60.75
26.00 74.00 40.00 45.00
65.00 31.00 94.00 71.00
27.00 50.00 64.00 51.25
69.00 28.00 42.00 45.25
7.00 47.00 4.00 15.50
48.00 87.00 46.00 56.75
71.00 68.00 94.00 81.75
12.00 31.00 61.00 41.25
59.00 16.00 20.00 28.75
30.00 92.00 7.00 34.00
42.00 84.00 95.00 79.00
62.00 74.00 62.00 65.00
48.00 4.00 60.00 43.00
51.00 57.00 16.00 35.00
97.00 58.00 44.00 60.75
99.00 45.00 79.00 75.50
17.00 81.00 48.00 48.50
27.00 10.00 37.00 27.75
26.00 36.00 69.00 50.00
76.00 43.00 20.00 39.75
69.00 72.00 96.00 83.25
87.00 75.00 25.00 53.00
81.00 31.00 71.00 63.50
93.00 4.00 12.00 30.25
32.00 96.00 15.00 39.50
69.00 78.00 87.00 80.25
42.00 63.00 33.00 42.75
36.00 10.00 68.00 45.50
59.00 9.00 7.00 20.50
37.00 83.00 64.00 62.00
95.00 61.00 84.00 81.00
32.00 100.00 90.00 78.00
96.00 63.00 43.00 61.25
53.00 43.00 34.00 41.00
9.00 29.00 93.00 56.00
40.00 75.00 49.00 53.25
70.00 54.00 40.00 51.00
8.00 4.00 71.00 38.50
44.00 2.00 22.00 22.50
70.00 53.00 60.00 60.75
99.00 65.00 44.00 63.00
47.00 86.00 51.00 58.75
46.00 47.00 42.00 44.25
59.00 18.00 4.00 21.25
89.00 90.00 37.00 63.25
61.00 14.00 53.00 45.25
17.00 13.00 60.00 37.50
85.00 59.00 68.00 70.00
61.00 2.00 89.00 60.25
47.00 22.00 83.00 58.75
92.00 31.00 35.00 48.25
25.00 72.00 29.00 38.75
43.00 47.00 90.00 67.50
30.00 96.00 76.00 69.50
70.00 87.00 27.00 52.75
33.00 31.00 51.00 41.50
13.00 50.00 3.00 17.25
58.00 33.00 70.00 57.75
57.00 2.00 100.00 64.75
27.00 11.00 40.00 29.50
88.00 74.00 86.00 83.50
58.00 34.00 18.00 32.00
5.00 59.00 5.00 18.50
7.00 35.00 23.00 22.00
97.00 23.00 40.00 50.00
91.00 57.00 11.00 42.50
33.00 9.00 87.00 54.00
74.00 19.00 56.00 51.25
73.00 97.00 4.00 44.50
98.00 37.00 57.00 62.25
16.00 78.00 28.00 37.50
54.00 88.00 27.00 49.00
28.00 80.00 98.00 76.00
74.00 2.00 86.00 62.00
93.00 81.00 68.00 77.50
80.00 63.00 63.00 67.25
23.00 57.00 50.00 45.00
84.00 4.00 48.00 46.00
76.00 47.00 48.00 54.75
6.00 7.00 56.00 31.25
69.00 37.00 78.00 65.50
31.00 54.00 2.00 22.25
72.00 65.00 90.00 79.25
16.00 13.00 54.00 34.25
53.00 93.00 11.00 42.00
15.00 68.00 83.00 62.25
100.00 25.00 94.00 78.25
34.00 5.00 89.00 54.25
23.00 97.00 37.00 48.50
79.00 73.00 2.00 39.00
58.00 53.00 64.00 59.75
22.00 77.00 55.00 52.25
11.00 15.00 79.00 46.00
21.00 82.00 17.00 34.25
55.00 23.00 96.00 67.50
16.00 55.00 66.00 50.75
55.00 17.00 54.00 45.00
69.00 38.00 76.00 64.75
41.00 19.00 6.00 18.00
85.00 74.00 60.00 69.75
56.00 69.00 24.00 43.25
4.00 67.00 2.00 18.75
29.00 46.00 44.00 40.75
82.00 2.00 48.00 45.00
34.00 43.00 85.00 61.75
7.00 46.00 30.00 28.25
17.00 54.00 31.00 33.25
82.00 82.00 76.00 79.00
45.00 59.00 60.00 56.00
8.00 6.00 13.00 10.00
65.00 46.00 86.00 70.75
19.00 65.00 16.00 29.00
11.00 30.00 98.00 59.25
85.00 34.00 15.00 37.25
16.00 12.00 98.00 56.00
11.00 57.00 70.00 52.00
78.00 17.00 69.00 58.25
63.00 85.00 23.00 48.50
66.00 63.00 74.00 69.25
9.00 57.00 67.00 50.00
93.00 79.00 29.00 57.50
18.00 90.00 4.00 29.00
45.00 40.00 77.00 59.75
73.00 43.00 33.00 45.50
91.00 39.00 38.00 51.50
57.00 1.00 62.00 45.50
14.00 15.00 39.00 26.75
38.00 49.00 20.00 31.75
91.00 25.00 31.00 44.50
99.00 97.00 2.00 50.00
78.00 57.00 98.00 82.75
13.00 5.00 31.00 20.00
88.00 71.00 45.00 62.25
42.00 56.00 43.00 46.00
72.00 52.00 88.00 75.00
33.00 10.00 85.00 53.25
12.00 68.00 85.00 62.50
13.00 61.00 59.00 48.00
59.00 25.00 62.00 52.00
23.00 87.00 69.00 62.00
73.00 19.00 83.00 64.50
81.00 48.00 11.00 37.75
87.00 42.00 70.00 67.25
72.00 100.00 20.00 53.00
10.00 82.00 95.00 70.50
5.00 41.00 70.00 46.50
73.00 57.00 51.00 58.00
5.00 34.00 45.00 32.25
62.00 46.00 20.00 37.00
8.00 58.00 25.00 29.00
36.00 57.00 21.00 33.75
90.00 19.00 59.00 56.75
93.00 11.00 100.00 76.00
49.00 48.00 93.00 70.75
76.00 53.00 14.00 39.25
47.00 23.00 26.00 30.50
4.00 93.00 49.00 48.75
79.00 13.00 97.00 71.50
88.00 28.00 79.00 68.50
30.00 61.00 53.00 49.25
9.00 45.00 31.00 29.00
61.00 73.00 95.00 81.00
68.00 47.00 51.00 54.25
50.00 9.00 74.00 51.75
78.00 5.00 15.00 28.25
81.00 22.00 53.00 52.25
11.00 35.00 60.00 41.50
66.00 67.00 30.00 48.25
22.00 6.00 10.00 12.00
59.00 63.00 80.00 70.50
76.00 5.00 11.00 25.75
11.00 81.00 36.00 41.00
62.00 3.00 21.00 26.75
99.00 44.00 47.00 59.25
67.00 78.00 89.00 80.75
83.00 16.00 44.00 46.75
95.00 21.00 51.00 54.50
15.00 68.00 66.00 53.75
93.00 56.00 96.00 85.25
55.00 11.00 91.00 62.00
13.00 86.00 92.00 70.75
27.00 68.00 44.00 45.75
20.00 37.00 49.00 38.75
47.00 92.00 64.00 66.75
60.00 7.00 43.00 38.25
51.00 55.00 76.00 64.50
8.00 10.00 29.00 19.00
86.00 75.00 70.00 75.25
43.00 45.00 3.00 23.50
90.00 31.00 89.00 74.75
62.00 18.00 70.00 55.00
41.00 31.00 16.00 26.00
26.00 85.00 2.00 28.75
81.00 99.00 4.00 47.00
48.00 1.00 61.00 42.75
70.00 33.00 53.00 52.25
28.00 76.00 77.00 64.50
72.00 68.00 86.00 78.00
2.00 44.00 7.00 15.00
46.00 52.00 14.00 31.50
45.00 25.00 66.00 50.50
16.00 10.00 41.00 27.00
95.00 91.00 48.00 70.50
93.00 66.00 82.00 80.75
21.00 31.00 1.00 13.50
89.00 25.00 41.00 49.00
96.00 77.00 33.00 59.75
50.00 45.00 52.00 49.75
38.00 6.00 97.00 59.50
20.00 66.00 64.00 53.50
4.00 79.00 65.00 53.25
54.00 80.00 59.00 63.00
99.00 28.00 5.00 34.25
23.00 84.00 10.00 31.75
39.00 13.00 99.00 62.50
64.00 72.00 54.00 61.00
16.00 72.00 65.00 54.50
6.00 73.00 100.00 69.75
74.00 64.00 75.00 72.00
97.00 25.00 9.00 35.00
50.00 69.00 75.00 67.25
6.00 77.00 26.00 33.75
95.00 99.00 70.00 83.50
85.00 70.00 23.00 50.25
45.00 49.00 78.00 62.50
56.00 10.00 5.00 19.00
36.00 95.00 71.00 68.25
94.00 30.00 20.00 41.00
48.00 21.00 87.00 60.75
80.00 78.00 59.00 69.00
96.00 14.00 67.00 61.00
41.00 88.00 33.00 48.75
5.00 17.00 51.00 31.00
8.00 59.00 90.00 61.75
56.00 18.00 26.00 31.50
85.00 49.00 12.00 39.50
49.00 49.00 49.00 49.00
49.00 17.00 99.00 66.00
58.00 74.00 8.00 37.00
62.00 99.00 5.00 42.75
10.00 75.00 18.00 30.25
67.00 96.00 60.00 70.75
61.00 3.00 2.00 17.00
87.00 25.00 90.00 73.00
46.00 80.00 54.00 58.50
25.00 39.00 98.00 65.00
4.00 61.00 94.00 63.25
89.00 95.00 3.00 47.50
15.00 33.00 76.00 50.00
71.00 52.00 15.00 38.25
41.00 5.00 80.00 51.50
8.00 10.00 76.00 42.50
9.00 73.00 83.00 62.00
48.00 19.00 65.00 49.25
41.00 48.00 57.00 50.75
97.00 67.00 55.00 68.50
38.00 11.00 92.00 58.25
68.00 42.00 80.00 67.50
6.00 18.00 57.00 34.50
3.00 31.00 82.00 49.50
88.00 24.00 22.00 39.00
3.00 49.00 34.00 30.00
54.00 91.00 42.00 57.25
72.00 42.00 80.00 68.50
34.00 49.00 56.00 48.75
41.00 96.00 14.00 41.25
21.00 82.00 46.00 48.75
27.00 91.00 98.00 78.50
87.00 80.00 48.00 65.75
26.00 36.00 88.00 59.50
67.00 52.00 69.00 64.25
42.00 80.00 45.00 53.00
95.00 62.00 1.00 39.75
53.00 88.00 52.00 61.25
19.00 25.00 37.00 29.50
90.00 3.00 83.00 64.75
45.00 80.00 4.00 33.25
67.00 71.00 66.00 67.50
75.00 5.00 91.00 65.50
65.00 60.00 14.00 38.25
89.00 74.00 30.00 55.75
98.00 58.00 10.00 44.00
5.00 40.00 19.00 20.75
36.00 27.00 79.00 55.25
74.00 19.00 27.00 36.75
50.00 50.00 73.00 61.50
69.00 85.00 2.00 39.50
74.00 9.00 75.00 58.25
87.00 33.00 91.00 75.50
57.00 63.00 76.00 68.00
20.00 91.00 58.00 56.75
53.00 91.00 7.00 39.50
37.00 9.00 35.00 29.00
38.00 93.00 38.00 51.75
61.00 9.00 51.00 43.00
94.00 6.00 11.00 30.50
6.00 50.00 29.00 28.50
71.00 100.00 31.00 58.25
76.00 46.00 29.00 45.00
51.00 46.00 80.00 64.25
23.00 45.00 11.00 22.50
35.00 77.00 67.00 61.50
65.00 94.00 83.00 81.25
94.00 47.00 21.00 45.75
75.00 89.00 22.00 52.00
59.00 55.00 15.00 36.00
8.00 57.00 36.00 34.25
91.00 61.00 87.00 81.50
7.00 5.00 82.00 44.00
86.00 72.00 35.00 57.00
76.00 78.00 64.00 70.50
27.00 95.00 89.00 75.00
99.00 36.00 68.00 67.75
92.00 70.00 36.00 58.50
6.00 76.00 31.00 36.00
63.00 22.00 79.00 60.75
85.00 94.00 20.00 54.75
67.00 59.00 78.00 70.50
60.00 30.00 85.00 65.00
96.00 10.00 61.00 57.00
2.00 37.00 65.00 42.25
72.00 91.00 42.00 61.75
15.00 43.00 42.00 35.50
12.00 62.00 88.00 62.50
94.00 52.00 44.00 58.50
84.00 51.00 32.00 49.75
5.00 68.00 29.00 32.75
28.00 16.00 43.00 32.50
29.00 22.00 54.00 39.75
25.00 65.00 66.00 55.50
12.00 18.00 16.00 15.50
22.00 53.00 29.00 33.25
67.00 1.00 20.00 27.00
85.00 26.00 39.00 47.25
21.00 3.00 37.00 24.50
5.00 12.00 28.00 18.25
41.00 6.00 15.00 19.25
64.00 43.00 66.00 59.75
81.00 94.00 1.00 44.25
32.00 11.00 79.00 50.25
57.00 59.00 50.00 54.00
51.00 21.00 84.00 60.00
76.00 60.00 19.00 43.50
54.00 15.00 72.00 53.25
44.00 39.00 77.00 59.25
65.00 17.00 77.00 59.00
56.00 24.00 50.00 45.00
69.00 65.00 26.00 46.50
80.00 7.00 70.00 56.75
51.00 57.00 93.00 73.50
1.00 76.00 60.00 49.25
77.00 56.00 92.00 79.25
52.00 16.00 43.00 38.50
72.00 79.00 90.00 82.75
38.00 23.00 29.00 29.75
52.00 12.00 20.00 26.00
33.00 13.00 96.00 59.50
100.00 43.00 32.00 51.75
48.00 70.00 1.00 30.00
52.00 95.00 87.00 80.25
11.00 62.00 37.00 36.75
62.00 80.00 94.00 82.50
49.00 58.00 47.00 50.25
79.00 14.00 79.00 62.75
35.00 27.00 21.00 26.00
6.00 100.00 99.00 76.00
8.00 56.00 69.00 50.50
35.00 5.00 87.00 53.50
21.00 15.00 12.00 15.00
4.00 60.00 33.00 32.50
77.00 10.00 98.00 70.75
87.00 59.00 76.00 74.50
53.00 89.00 53.00 62.00
95.00 74.00 2.00 43.25
100.00 88.00 77.00 85.50
94.00 38.00 52.00 59.00
2.00 24.00 42.00 27.50
95.00 24.00 39.00 49.25
67.00 29.00 83.00 65.50
89.00 31.00 11.00 35.50
53.00 12.00 20.00 26.25
68.00 63.00 78.00 71.75
11.00 35.00 37.00 30.00
95.00 20.00 16.00 36.75
57.00 42.00 63.00 56.25
75.00 78.00 24.00 50.25
11.00 36.00 48.00 35.75
59.00 30.00 9.00 26.75
99.00 97.00 76.00 87.00
76.00 61.00 9.00 38.75
51.00 84.00 34.00 50.75
20.00 76.00 5.00 26.50
2.00 57.00 87.00 58.25
95.00 71.00 46.00 64.50
32.00 95.00 28.00 45.75
95.00 86.00 99.00 94.75
4.00 61.00 99.00 65.75
6.00 65.00 13.00 24.25
24.00 40.00 16.00 24.00
84.00 10.00 76.00 61.50
33.00 16.00 42.00 33.25
16.00 14.00 60.00 37.50
59.00 59.00 83.00 71.00
36.00 98.00 90.00 78.50
93.00 99.00 3.00 49.50
90.00 2.00 34.00 40.00
71.00 46.00 51.00 54.75
24.00 62.00 98.00 70.50
20.00 46.00 3.00 18.00
36.00 16.00 66.00 46.00
72.00 53.00 7.00 34.75
36.00 85.00 14.00 37.25
